| 152 |   162.00000 | 52.00000 |    26.80000 |  0.69000 | -0.41000 | 2022-08-21 01:08:45 |
	| 153 |   163.00000 | 52.00000 |    26.60000 |  0.69000 | -0.42000 | 2022-08-21 01:08:51 |
	| 154 |   164.00000 | 52.00000 |    26.70000 |  0.68000 | -0.41000 | 2022-08-21 01:08:56 |
	| 155 |   164.00000 | 52.00000 |    26.60000 |  0.69000 | -0.41000 | 2022-08-21 01:09:02 |
| 156 |   164.00000 | 52.00000 |    26.70000 |  0.69000 | -0.42000 | 2022-08-21 01:09:07 |
	| 157 |   164.00000 | 52.00000 |    26.80000 |  0.70000 | -0.42000 | 2022-08-21 01:09:13 |
	| 158 |   163.00000 | 52.00000 |    26.70000 |  0.69000 | -0.42000 | 2022-08-21 01:09:18 |
| 159 |   166.00000 | 52.00000 |    26.60000 |  0.69000 | -0.42000 | 2022-08-21 01:09:24 |
	| 160 |   165.00000 | 52.00000 |    26.60000 |  0.69000 | -0.42000 | 2022-08-21 01:09:29 |
	| 161 |   164.00000 | 52.00000 |    26.80000 |  0.69000 | -0.42000 | 2022-08-21 01:09:35 |
| 162 |   163.00000 | 52.00000 |    26.60000 |  0.70000 | -0.42000 | 2022-08-21 01:09:40 |
	| 163 |   165.00000 | 52.00000 |    26.80000 |  0.70000 | -0.42000 | 2022-08-21 01:09:46 |
	| 164 |   165.00000 | 52.00000 |    26.50000 |  0.69000 | -0.41000 | 2022-08-21 01:09:51 |
| 165 |   164.00000 | 52.00000 |    26.70000 |  0.70000 | -0.42000 | 2022-08-21 01:09:57 |
	| 166 |   161.00000 | 52.00000 |    26.60000 |  0.69000 | -0.42000 | 2022-08-21 01:10:02 |
	| 167 |   164.00000 | 52.00000 |    26.70000 |  0.69000 | -0.42000 | 2022-08-21 01:10:08 |
| 168 |   165.00000 | 52.00000 |    26.70000 |  0.69000 | -0.42000 | 2022-08-21 01:10:14 |
	| 169 |   161.00000 | 52.00000 |    26.60000 |  0.98000 | -0.60000 | 2022-08-21 01:10:19 |
	| 170 |   163.00000 | 53.00000 |    26.80000 |  0.98000 | -0.63000 | 2022-08-21 01:10:25 |
| 171 |   165.00000 | 53.00000 |    26.50000 |  0.97000 | -0.65000 | 2022-08-21 01:10:30 |
	| 172 |   168.00000 | 53.00000 |    26.70000 |  0.97000 | -0.64000 | 2022-08-21 01:10:36 |
	| 173 |   166.00000 | 53.00000 |    26.60000 |  0.96000 | -0.66000 | 2022-08-21 01:10:41 |
| 174 |   168.00000 | 53.00000 |    26.70000 |  0.94000 | -0.68000 | 2022-08-21 01:10:47 |
	| 175 |   166.00000 | 53.00000 |    26.60000 |  0.96000 | -0.65000 | 2022-08-21 01:10:52 |
	| 176 |   168.00000 | 53.00000 |    26.60000 |  0.96000 | -0.66000 | 2022-08-21 01:10:58 |
| 177 |   167.00000 | 53.00000 |    26.60000 |  0.96000 | -0.65000 | 2022-08-21 01:11:03 |
	| 178 |    10.00000 | 53.00000 |    26.60000 |  0.95000 | -0.67000 | 2022-08-21 01:11:09 |
	| 179 |     1.00000 | 53.00000 |    26.90000 |  0.96000 | -0.65000 | 2022-08-21 01:11:14 |
| 180 |     1.00000 | 52.00000 |    26.50000 |  0.96000 | -0.66000 | 2022-08-21 01:11:20 |
